reward
16.0
11.0
37.0
16.0
19.0
13.0
19.0
79.0
34.0
18.0
17.0
11.0
21.0
14.0
36.0
35.0
15.0
20.0
13.0
17.0
16.0
45.0
24.0
18.0
12.0
11.0
17.0
12.0
31.0
23.0
16.0
24.0
21.0
15.0
10.0
16.0
27.0
21.0
17.0
13.0
12.0
13.0
23.0
12.0
17.0
18.0
16.0
18.0
10.0
11.0
14.0
8.0
25.0
11.0
12.0
31.0
13.0
14.0
13.0
38.0
19.0
23.0
14.0
20.0
11.0
11.0
12.0
13.0
11.0
32.0
10.0
15.0
19.0
14.0
21.0
17.0
31.0
18.0
13.0
33.0
14.0
40.0
13.0
20.0
12.0
26.0
23.0
12.0
16.0
26.0
16.0
18.0
17.0
13.0
17.0
14.0
13.0
35.0
14.0
27.0
19.0
11.0
27.0
13.0
13.0
12.0
16.0
15.0
16.0
10.0
13.0
11.0
26.0
13.0
15.0
10.0
19.0
18.0
21.0
16.0
15.0
23.0
22.0
13.0
14.0
11.0
17.0
21.0
17.0
23.0
20.0
13.0
22.0
15.0
13.0
9.0
23.0
26.0
10.0
15.0
11.0
19.0
18.0
13.0
29.0
22.0
11.0
32.0
18.0
13.0
15.0
22.0
35.0
15.0
12.0
25.0
15.0
19.0
9.0
14.0
20.0
16.0
17.0
17.0
20.0
15.0
22.0
19.0
15.0
16.0
14.0
21.0
10.0
11.0
12.0
10.0
27.0
14.0
9.0
19.0
11.0
9.0
22.0
13.0
21.0
20.0
32.0
14.0
28.0
9.0
12.0
10.0
13.0
15.0
27.0
10.0
18.0
18.0
15.0
16.0
23.0
9.0
19.0
11.0
13.0
25.0
18.0
12.0
10.0
14.0
14.0
10.0
12.0
14.0
11.0
13.0
13.0
11.0
15.0
14.0
11.0
13.0
15.0
29.0
18.0
14.0
9.0
38.0
10.0
20.0
20.0
12.0
11.0
21.0
48.0
16.0
11.0
10.0
18.0
13.0
13.0
13.0
12.0
11.0
14.0
24.0
21.0
20.0
10.0
9.0
15.0
18.0
19.0
11.0
11.0
11.0
28.0
31.0
22.0
21.0
11.0
14.0
15.0
11.0
53.0
24.0
19.0
13.0
12.0
13.0
10.0
10.0
11.0
17.0
10.0
12.0
23.0
14.0
10.0
9.0
11.0
9.0
10.0
12.0
15.0
12.0
16.0
14.0
14.0
11.0
34.0
16.0
20.0
12.0
18.0
16.0
16.0
17.0
11.0
18.0
10.0
15.0
25.0
13.0
20.0
13.0
10.0
9.0
20.0
16.0
13.0
9.0
14.0
14.0
39.0
49.0
17.0
23.0
11.0
12.0
13.0
10.0
15.0
12.0
13.0
19.0
11.0
11.0
12.0
22.0
22.0
15.0
14.0
11.0
15.0
15.0
14.0
21.0
13.0
18.0
14.0
12.0
12.0
16.0
16.0
24.0
13.0
11.0
12.0
12.0
16.0
11.0
11.0
22.0
18.0
11.0
21.0
17.0
12.0
14.0
19.0
15.0
22.0
17.0
18.0
18.0
10.0
9.0
23.0
13.0
19.0
12.0
11.0
17.0
11.0
14.0
33.0
12.0
14.0
35.0
24.0
11.0
34.0
15.0
13.0
35.0
32.0
28.0
13.0
9.0
38.0
11.0
21.0
12.0
10.0
16.0
12.0
11.0
12.0
29.0
18.0
11.0
14.0
13.0
43.0
14.0
33.0
15.0
16.0
9.0
14.0
19.0
19.0
36.0
25.0
28.0
11.0
26.0
14.0
51.0
12.0
18.0
11.0
12.0
22.0
10.0
13.0
13.0
31.0
17.0
14.0
10.0
19.0
14.0
12.0
39.0
21.0
8.0
35.0
22.0
17.0
25.0
19.0
13.0
41.0
36.0
15.0
29.0
44.0
31.0
40.0
27.0
36.0
16.0
10.0
18.0
39.0
16.0
16.0
15.0
59.0
30.0
32.0
46.0
24.0
24.0
37.0
16.0
16.0
14.0
18.0
35.0
52.0
25.0
45.0
32.0
44.0
43.0
31.0
17.0
11.0
46.0
21.0
13.0
13.0
13.0
17.0
29.0
16.0
10.0
11.0
19.0
19.0
19.0
18.0
62.0
40.0
42.0
32.0
33.0
12.0
29.0
12.0
20.0
14.0
16.0
33.0
12.0
13.0
47.0
23.0
33.0
47.0
52.0
13.0
18.0
22.0
24.0
31.0
35.0
34.0
68.0
19.0
14.0
18.0
36.0
21.0
30.0
11.0
30.0
82.0
30.0
12.0
57.0
78.0
48.0
14.0
39.0
78.0
30.0
41.0
56.0
38.0
97.0
24.0
30.0
54.0
16.0
28.0
139.0
28.0
57.0
20.0
22.0
20.0
18.0
33.0
21.0
53.0
69.0
17.0
60.0
15.0
47.0
20.0
17.0
55.0
52.0
43.0
28.0
43.0
18.0
62.0
38.0
89.0
19.0
39.0
61.0
63.0
128.0
12.0
92.0
65.0
21.0
11.0
68.0
84.0
37.0
92.0
28.0
30.0
78.0
69.0
30.0
104.0
129.0
57.0
58.0
99.0
43.0
65.0
32.0
40.0
36.0
14.0
44.0
63.0
75.0
85.0
119.0
15.0
34.0
12.0
36.0
135.0
135.0
61.0
180.0
110.0
102.0
154.0
62.0
75.0
137.0
140.0
34.0
59.0
40.0
153.0
127.0
147.0
28.0
17.0
138.0
32.0
87.0
101.0
220.0
132.0
48.0
127.0
118.0
85.0
138.0
42.0
136.0
34.0
201.0
21.0
76.0
22.0
155.0
46.0
32.0
84.0
187.0
189.0
81.0
198.0
169.0
57.0
95.0
131.0
60.0
20.0
57.0
101.0
154.0
164.0
105.0
56.0
113.0
218.0
112.0
74.0
42.0
67.0
175.0
15.0
61.0
38.0
159.0
34.0
81.0
129.0
170.0
174.0
131.0
112.0
143.0
73.0
99.0
345.0
120.0
144.0
173.0
40.0
62.0
176.0
57.0
96.0
163.0
160.0
195.0
242.0
346.0
151.0
88.0
64.0
179.0
167.0
71.0
73.0
250.0
164.0
57.0
133.0
182.0
16.0
17.0
241.0
61.0
147.0
23.0
126.0
184.0
84.0
35.0
429.0
109.0
37.0
218.0
177.0
45.0
17.0
73.0
155.0
216.0
54.0
107.0
41.0
27.0
334.0
252.0
66.0
150.0
249.0
56.0
27.0
19.0
186.0
147.0
174.0
211.0
130.0
17.0
125.0
53.0
34.0
81.0
91.0
129.0
135.0
56.0
139.0
123.0
140.0
136.0
30.0
76.0
168.0
48.0
15.0
138.0
102.0
119.0
70.0
16.0
77.0
42.0
45.0
21.0
143.0
17.0
98.0
50.0
57.0
136.0
134.0
161.0
145.0
40.0
139.0
143.0
66.0
24.0
105.0
140.0
140.0
138.0
60.0
134.0
70.0
138.0
145.0
28.0
148.0
11.0
144.0
113.0
17.0
130.0
88.0
22.0
148.0
92.0
139.0
85.0
180.0
140.0
124.0
142.0
19.0
159.0
114.0
139.0
123.0
28.0
127.0
16.0
152.0
45.0
124.0
99.0
141.0
139.0
126.0
141.0
13.0
117.0
25.0
148.0
112.0
107.0
182.0
136.0
111.0
65.0
33.0
145.0
122.0
135.0
61.0
103.0
123.0
136.0
116.0
82.0
77.0
123.0
139.0
136.0
122.0
136.0
126.0
93.0
15.0
149.0
121.0
124.0
147.0
129.0
23.0
28.0
123.0
126.0
126.0
22.0
133.0
17.0
19.0
139.0
139.0
146.0
95.0
14.0
35.0
82.0
60.0
18.0
146.0
137.0
20.0
26.0
14.0
77.0
104.0
107.0
106.0
128.0
121.0
126.0
128.0
134.0
47.0
126.0
101.0
128.0
69.0
99.0
130.0
131.0
119.0
48.0
122.0
32.0
116.0
132.0
51.0
125.0
16.0
119.0
142.0
121.0
34.0
131.0
124.0
131.0
123.0
127.0
77.0
131.0
107.0
128.0
130.0
130.0
112.0
127.0
135.0
89.0
25.0
51.0
54.0
139.0
103.0
126.0
120.0
134.0
121.0
129.0
139.0
19.0
117.0
121.0
30.0
141.0
34.0
15.0
127.0
121.0
103.0
135.0
125.0
115.0
83.0
121.0
122.0
40.0
41.0
120.0
99.0
119.0
125.0
116.0
114.0
119.0
115.0
131.0
22.0
106.0
96.0
16.0
41.0
116.0
51.0
121.0
119.0
118.0
129.0
117.0
62.0
26.0
44.0
92.0
72.0
126.0
118.0
125.0
14.0
22.0
26.0
18.0
57.0
50.0
141.0
121.0
122.0
143.0
119.0
54.0
68.0
119.0
128.0
120.0
113.0
23.0
113.0
120.0
86.0
62.0
116.0
13.0
70.0
17.0
119.0
57.0
42.0
124.0
123.0
57.0
102.0
119.0
85.0
21.0
116.0
111.0
39.0
126.0
115.0
119.0
116.0
120.0
118.0
119.0
51.0
128.0
120.0
124.0
121.0
33.0
63.0
122.0
16.0
19.0
123.0
125.0
124.0
137.0
129.0
111.0
60.0
132.0
182.0
121.0
111.0
119.0
68.0
130.0
44.0
128.0
180.0
125.0
17.0
131.0
31.0
141.0
143.0
131.0
127.0
126.0
13.0
23.0
134.0
28.0
115.0
126.0
137.0
134.0
125.0
132.0
82.0
135.0
57.0
73.0
111.0
25.0
196.0
136.0
131.0
131.0
14.0
118.0
129.0
122.0
116.0
135.0
123.0
142.0
126.0
122.0
136.0
36.0
130.0
129.0
140.0
120.0
123.0
125.0
127.0
130.0
133.0
134.0
125.0
120.0
196.0
142.0
126.0
115.0
128.0
85.0
123.0
14.0
108.0
147.0
124.0
127.0
120.0
130.0
124.0
119.0
149.0
73.0
111.0
120.0
121.0
115.0
126.0
113.0
121.0
119.0
12.0
118.0
125.0
137.0
21.0
15.0
138.0
249.0
129.0
111.0
113.0
126.0
37.0
116.0
123.0
46.0
129.0
44.0
122.0
90.0
14.0
117.0
117.0
64.0
153.0
119.0
120.0
21.0
24.0
123.0
153.0
57.0
118.0
11.0
101.0
221.0
142.0
104.0
153.0
30.0
120.0
146.0
153.0
114.0
117.0
116.0
122.0
118.0
154.0
27.0
165.0
157.0
21.0
195.0
19.0
153.0
32.0
126.0
130.0
61.0
186.0
114.0
169.0
121.0
204.0
32.0
135.0
186.0
135.0
16.0
122.0
123.0
103.0
64.0
34.0
156.0
214.0
108.0
231.0
124.0
252.0
105.0
13.0
83.0
35.0
342.0
33.0
212.0
11.0
43.0
168.0
190.0
121.0
133.0
16.0
116.0
85.0
155.0
230.0
25.0
172.0
125.0
115.0
38.0
86.0
235.0
118.0
100.0
141.0
108.0
137.0
207.0
140.0
150.0
145.0
207.0
138.0
86.0
138.0
173.0
115.0
154.0
247.0
254.0
265.0
264.0
181.0
72.0
176.0
16.0
144.0
188.0
25.0
191.0
147.0
20.0
208.0
84.0
174.0
143.0
201.0
199.0
111.0
151.0
266.0
267.0
189.0
128.0
133.0
176.0
148.0
328.0
231.0
221.0
169.0
72.0
207.0
179.0
136.0
167.0
351.0
213.0
155.0
134.0
182.0
203.0
102.0
169.0
193.0
39.0
165.0
113.0
88.0
168.0
168.0
58.0
55.0
109.0
171.0
108.0
189.0
186.0
173.0
60.0
180.0
67.0
160.0
153.0
170.0
72.0
193.0
19.0
78.0
164.0
114.0
133.0
76.0
91.0
173.0
170.0
38.0
161.0
175.0
35.0
78.0
66.0
81.0
162.0
120.0
160.0
160.0
76.0
184.0
91.0
68.0
59.0
77.0
53.0
149.0
129.0
66.0
76.0
99.0
20.0
81.0
108.0
194.0
56.0
209.0
53.0
96.0
75.0
176.0
130.0
134.0
187.0
183.0
67.0
184.0
192.0
192.0
75.0
190.0
178.0
67.0
182.0
79.0
77.0
184.0
203.0
192.0
72.0
219.0
194.0
53.0
204.0
191.0
180.0
188.0
199.0
81.0
124.0
22.0
20.0
173.0
186.0
225.0
44.0
65.0
20.0
63.0
118.0
215.0
109.0
32.0
95.0
61.0
91.0
30.0
214.0
211.0
231.0
126.0
110.0
190.0
323.0
137.0
244.0
208.0
208.0
205.0
211.0
216.0
99.0
90.0
137.0
15.0
219.0
132.0
213.0
176.0
243.0
138.0
156.0
228.0
188.0
15.0
16.0
106.0
230.0
214.0
150.0
237.0
238.0
129.0
260.0
240.0
101.0
261.0
257.0
251.0
253.0
72.0
57.0
145.0
83.0
243.0
255.0
231.0
191.0
306.0
97.0
257.0
341.0
138.0
353.0
254.0
182.0
445.0
326.0
186.0
500.0
500.0
500.0
351.0
374.0
431.0
500.0
500.0
366.0
418.0
500.0
500.0
500.0
500.0
500.0
